[[0.46520776]
 [0.4769517 ]
 [0.4828474 ]
 [0.4943444 ]
 [0.49196965]
 [0.50108474]
 [0.50346714]
 [0.5025484 ]
 [0.5093135 ]
 [0.5125991 ]
 [0.5135508 ]
 [0.5045768 ]
 [0.49791417]
 [0.4887755 ]
 [0.48959756]
 [0.48929793]
 [0.48117006]
 [0.49227193]
 [0.49203756]
 [0.5041217 ]
 [0.5164371 ]
 [0.5337652 ]
 [0.5354545 ]
 [0.5473254 ]
 [0.55394965]
 [0.56011415]
 [0.5662463 ]
 [0.5674599 ]
 [0.56895584]
 [0.57210374]
 [0.5806378 ]
 [0.57904667]
 [0.5856123 ]
 [0.58810556]
 [0.5868716 ]
 [0.5913266 ]
 [0.5963354 ]
 [0.59380686]
 [0.595279  ]
 [0.59914935]
 [0.6058897 ]
 [0.6072665 ]
 [0.60720974]
 [0.6164309 ]
 [0.61267245]
 [0.6125702 ]
 [0.6175159 ]
 [0.6221021 ]
 [0.6209118 ]
 [0.6262908 ]
 [0.62723815]
 [0.6295012 ]
 [0.62841016]
 [0.63209224]
 [0.62835306]
 [0.62055093]
 [0.62246156]
 [0.62676233]
 [0.6308648 ]
 [0.6314104 ]
 [0.630826  ]
 [0.6259311 ]
 [0.6226443 ]
 [0.6280752 ]
 [0.6314982 ]
 [0.6311531 ]
 [0.6308495 ]
 [0.629035  ]
 [0.63010526]
 [0.63344336]
 [0.6319854 ]
 [0.6311014 ]
 [0.6331929 ]
 [0.6350847 ]
 [0.63631743]
 [0.6358882 ]
 [0.6373313 ]
 [0.6380348 ]
 [0.63919175]
 [0.63961494]
 [0.63972884]
 [0.6400826 ]
 [0.6398008 ]
 [0.6361129 ]
 [0.6342583 ]
 [0.6239253 ]
 [0.59392506]
 [0.5926682 ]
 [0.6136868 ]
 [0.59685355]
 [0.56382823]
 [0.5527794 ]
 [0.5590326 ]
 [0.5601833 ]
 [0.5519808 ]
 [0.5418327 ]
 [0.54300344]
 [0.5295274 ]
 [0.52173436]
 [0.530247  ]
 [0.5503761 ]
 [0.55595785]
 [0.56475997]
 [0.55561167]
 [0.5496825 ]
 [0.56398416]
 [0.5755144 ]
 [0.5845499 ]
 [0.58249784]
 [0.5891519 ]
 [0.5934296 ]
 [0.5650722 ]
 [0.5406656 ]
 [0.5488889 ]
 [0.5444596 ]
 [0.53912544]
 [0.5344581 ]
 [0.5404484 ]
 [0.53947496]
 [0.5339545 ]
 [0.55099547]
 [0.5733274 ]
 [0.5764101 ]
 [0.58109367]
 [0.58167887]
 [0.58459795]
 [0.5832515 ]
 [0.57896924]
 [0.5640009 ]
 [0.556035  ]
 [0.53013796]
 [0.4995853 ]
 [0.47252628]
 [0.46167853]
 [0.45626342]
 [0.45914927]
 [0.46064353]
 [0.4559631 ]
 [0.44706616]
 [0.45419118]
 [0.45283404]
 [0.46737474]
 [0.46674958]
 [0.46200174]
 [0.4588289 ]
 [0.4365548 ]
 [0.43981498]
 [0.45307612]
 [0.44118032]
 [0.43607458]
 [0.4419359 ]
 [0.43209174]
 [0.43475363]
 [0.43125185]
 [0.42656863]
 [0.41876796]
 [0.41947502]
 [0.44049066]
 [0.44076568]
 [0.45390865]
 [0.46130514]
 [0.4693102 ]
 [0.47150955]
 [0.48455256]
 [0.49383917]
 [0.49824968]
 [0.50684315]
 [0.4886745 ]
 [0.49498123]
 [0.50473917]
 [0.50403565]
 [0.5027189 ]
 [0.49667284]
 [0.5005001 ]
 [0.49288702]
 [0.48574895]
 [0.49890238]
 [0.51267827]
 [0.51302516]
 [0.5273292 ]
 [0.532135  ]
 [0.5356926 ]
 [0.5450042 ]
 [0.539966  ]
 [0.53691244]
 [0.543853  ]
 [0.53587246]
 [0.5365351 ]
 [0.53413314]
 [0.5322316 ]
 [0.52555513]
 [0.5294175 ]
 [0.5317802 ]
 [0.50487363]
 [0.48614097]
 [0.4965333 ]
 [0.5105341 ]
 [0.5311897 ]
 [0.5271449 ]
 [0.5152302 ]
 [0.5115833 ]
 [0.5137818 ]
 [0.51983523]
 [0.5149387 ]
 [0.5222143 ]
 [0.52296525]
 [0.5200383 ]
 [0.5245414 ]
 [0.53090554]
 [0.53910387]
 [0.5465289 ]
 [0.55183953]
 [0.552809  ]
 [0.5518108 ]
 [0.55324584]
 [0.5414076 ]
 [0.5406029 ]
 [0.53608125]
 [0.5095302 ]
 [0.47765368]
 [0.48190904]
 [0.48284099]
 [0.469912  ]
 [0.46083888]
 [0.4375846 ]
 [0.43866578]
 [0.429791  ]
 [0.42977533]
 [0.421359  ]
 [0.4173865 ]
 [0.418895  ]
 [0.41423523]
 [0.40968704]
 [0.4044103 ]
 [0.4091406 ]
 [0.3895619 ]
 [0.3866963 ]
 [0.3728813 ]
 [0.37508866]
 [0.36986428]
 [0.36616695]
 [0.36941504]
 [0.36532506]
 [0.36013827]
 [0.3636796 ]
 [0.37102827]
 [0.3732854 ]
 [0.3730676 ]
 [0.37864286]
 [0.3802247 ]
 [0.3815153 ]
 [0.38001278]
 [0.36384597]
 [0.35973638]
 [0.35689753]
 [0.36127207]
 [0.37398213]
 [0.36863282]
 [0.3785131 ]
 [0.37260485]
 [0.37533006]
 [0.3802035 ]
 [0.3745048 ]
 [0.3839194 ]
 [0.38122135]
 [0.38651028]
 [0.39169863]
 [0.39781818]
 [0.41131574]
 [0.41540357]
 [0.4178637 ]
 [0.41754946]
 [0.41521484]
 [0.4199715 ]
 [0.41601807]
 [0.41961372]
 [0.4265103 ]
 [0.42004114]
 [0.4279468 ]
 [0.4316108 ]
 [0.43177447]
 [0.42202857]
 [0.43317395]
 [0.43177974]
 [0.43669894]
 [0.43791947]
 [0.43855396]
 [0.4336445 ]
 [0.43559355]
 [0.42630303]
 [0.4203893 ]
 [0.41492414]
 [0.4169447 ]
 [0.41568127]
 [0.41813615]
 [0.41465488]
 [0.41622415]
 [0.42098317]
 [0.42572102]
 [0.42553374]
 [0.42237988]
 [0.4022663 ]
 [0.39574578]
 [0.40156725]
 [0.39629632]
 [0.39785844]
 [0.3922894 ]
 [0.39288574]
 [0.387874  ]
 [0.39010957]
 [0.38863787]
 [0.391239  ]
 [0.388665  ]
 [0.38781384]
 [0.38330466]
 [0.38422436]
 [0.3835863 ]
 [0.39079636]
 [0.39945862]
 [0.40047622]
 [0.4092881 ]
 [0.4125741 ]
 [0.41284382]
 [0.4162509 ]
 [0.40629163]
 [0.39472753]
 [0.39433494]
 [0.39763317]
 [0.39851227]
 [0.39899716]
 [0.39859632]
 [0.39713013]
 [0.40189952]
 [0.39390844]
 [0.3911432 ]
 [0.39637566]
 [0.40174007]
 [0.40354466]
 [0.40529388]
 [0.4068287 ]
 [0.412599  ]
 [0.4149895 ]
 [0.41826186]
 [0.41672733]
 [0.41842422]
 [0.42430606]
 [0.43263978]
 [0.43386966]
 [0.43298534]
 [0.43274328]
 [0.42893723]
 [0.42912945]
 [0.43140453]
 [0.42720118]
 [0.42306164]
 [0.42670223]
 [0.42436185]
 [0.41827184]
 [0.42139167]
 [0.4144269 ]
 [0.41557127]
 [0.41688722]
 [0.41616437]
 [0.41868305]
 [0.41863093]
 [0.42500436]
 [0.42954776]
 [0.42956546]
 [0.4327297 ]
 [0.44786355]
 [0.45962706]
 [0.46122274]
 [0.46551192]
 [0.46309602]
 [0.46512422]
 [0.46582416]
 [0.46378016]
 [0.4573587 ]
 [0.45171827]
 [0.44929534]
 [0.4467563 ]
 [0.44757864]
 [0.44738778]
 [0.4446027 ]
 [0.449135  ]
 [0.45512596]
 [0.45842478]
 [0.45790645]
 [0.45563972]
 [0.4369447 ]
 [0.43508285]
 [0.43450865]
 [0.4351683 ]
 [0.43583405]
 [0.43662128]
 [0.44070044]
 [0.4395652 ]
 [0.4140494 ]
 [0.41346964]
 [0.42207602]
 [0.41875026]
 [0.42387748]]