[[0.45950696]
 [0.47431394]
 [0.48145366]
 [0.4992144 ]
 [0.4966517 ]
 [0.50737876]
 [0.5152752 ]
 [0.52105486]
 [0.52074   ]
 [0.5275007 ]
 [0.53387547]
 [0.51938385]
 [0.51085865]
 [0.50080013]
 [0.5109745 ]
 [0.5059865 ]
 [0.50057745]
 [0.5172768 ]
 [0.51935196]
 [0.531327  ]
 [0.54074925]
 [0.5577426 ]
 [0.55951095]
 [0.5736434 ]
 [0.5821281 ]
 [0.5909224 ]
 [0.5923492 ]
 [0.59659606]
 [0.5960665 ]
 [0.60446906]
 [0.6112921 ]
 [0.6080436 ]
 [0.61346006]
 [0.6150223 ]
 [0.61579573]
 [0.6205972 ]
 [0.6226421 ]
 [0.6213997 ]
 [0.6242737 ]
 [0.629284  ]
 [0.6357637 ]
 [0.63889337]
 [0.6413007 ]
 [0.64854443]
 [0.6459604 ]
 [0.6476661 ]
 [0.6526053 ]
 [0.6565861 ]
 [0.6582858 ]
 [0.66243047]
 [0.66315037]
 [0.6653264 ]
 [0.6645589 ]
 [0.65980726]
 [0.651877  ]
 [0.64008945]
 [0.64247024]
 [0.64876825]
 [0.65645754]
 [0.65584725]
 [0.65279126]
 [0.6432384 ]
 [0.6379563 ]
 [0.64989024]
 [0.65682995]
 [0.6606903 ]
 [0.6631731 ]
 [0.6643309 ]
 [0.6653455 ]
 [0.66829485]
 [0.65860593]
 [0.6563678 ]
 [0.6638036 ]
 [0.6703032 ]
 [0.6711906 ]
 [0.66710407]
 [0.6695659 ]
 [0.6721301 ]
 [0.6722901 ]
 [0.6720357 ]
 [0.67120504]
 [0.67107904]
 [0.6701476 ]
 [0.6613568 ]
 [0.6565344 ]
 [0.63990843]
 [0.59654194]
 [0.5949533 ]
 [0.6198132 ]
 [0.5950282 ]
 [0.5510376 ]
 [0.5353558 ]
 [0.5409556 ]
 [0.5458483 ]
 [0.5380084 ]
 [0.52666366]
 [0.52536595]
 [0.5119114 ]
 [0.5064426 ]
 [0.5113242 ]
 [0.53109014]
 [0.5408735 ]
 [0.55584484]
 [0.54502213]
 [0.5342984 ]
 [0.56205845]
 [0.5814192 ]
 [0.5968576 ]
 [0.5920429 ]
 [0.60317236]
 [0.6143994 ]
 [0.56810236]
 [0.5334937 ]
 [0.54608893]
 [0.5427133 ]
 [0.5378552 ]
 [0.5314549 ]
 [0.54050016]
 [0.5373333 ]
 [0.5286126 ]
 [0.54873186]
 [0.5790735 ]
 [0.58124655]
 [0.5940865 ]
 [0.5970087 ]
 [0.5962092 ]
 [0.59989005]
 [0.59419036]
 [0.5747065 ]
 [0.55709463]
 [0.51868725]
 [0.4680917 ]
 [0.43100977]
 [0.42164758]
 [0.41672012]
 [0.42658415]
 [0.42830837]
 [0.42206493]
 [0.4109147 ]
 [0.4238672 ]
 [0.42375997]
 [0.45048282]
 [0.45312342]
 [0.46344072]
 [0.47849056]
 [0.4334718 ]
 [0.45189568]
 [0.44833714]
 [0.425068  ]
 [0.43304226]
 [0.4464155 ]
 [0.43266797]
 [0.43035412]
 [0.42      ]
 [0.41643015]
 [0.39927074]
 [0.410973  ]
 [0.4684864 ]
 [0.45491856]
 [0.48519912]
 [0.47634587]
 [0.48120952]
 [0.487351  ]
 [0.5017166 ]
 [0.5130994 ]
 [0.52117264]
 [0.540057  ]
 [0.5191957 ]
 [0.52739996]
 [0.53396994]
 [0.5361317 ]
 [0.52854   ]
 [0.51788205]
 [0.52458686]
 [0.50770944]
 [0.49248996]
 [0.532281  ]
 [0.54728645]
 [0.5497081 ]
 [0.56094265]
 [0.5605771 ]
 [0.560968  ]
 [0.56999356]
 [0.5660722 ]
 [0.5647403 ]
 [0.57458067]
 [0.56513566]
 [0.56670773]
 [0.5594828 ]
 [0.5551181 ]
 [0.5407213 ]
 [0.54591846]
 [0.5487814 ]
 [0.4940972 ]
 [0.47178376]
 [0.49802014]
 [0.52898544]
 [0.5477063 ]
 [0.5419146 ]
 [0.5245867 ]
 [0.5169307 ]
 [0.51788265]
 [0.52731675]
 [0.51804084]
 [0.53795624]
 [0.54201496]
 [0.5384492 ]
 [0.54865974]
 [0.5489292 ]
 [0.56069213]
 [0.5650046 ]
 [0.5722693 ]
 [0.57467085]
 [0.57194257]
 [0.57584375]
 [0.5617782 ]
 [0.5574303 ]
 [0.55259657]
 [0.49996868]
 [0.4537698 ]
 [0.4710504 ]
 [0.4531425 ]
 [0.44106182]
 [0.42197925]
 [0.39090964]
 [0.39123827]
 [0.38632944]
 [0.3824577 ]
 [0.3692743 ]
 [0.3748514 ]
 [0.38781726]
 [0.373386  ]
 [0.36378422]
 [0.36943462]
 [0.35460705]
 [0.32327232]
 [0.3172964 ]
 [0.3176636 ]
 [0.31300932]
 [0.32341778]
 [0.319306  ]
 [0.3284663 ]
 [0.32153922]
 [0.32751492]
 [0.35313708]
 [0.36583602]
 [0.3811285 ]
 [0.38112953]
 [0.4039632 ]
 [0.39696345]
 [0.40112355]
 [0.38806322]
 [0.34762764]
 [0.32485223]
 [0.3323662 ]
 [0.37377456]
 [0.38055053]
 [0.37898797]
 [0.3927243 ]
 [0.38994777]
 [0.38638312]
 [0.38566875]
 [0.37489107]
 [0.4099619 ]
 [0.39985627]
 [0.40888968]
 [0.4196191 ]
 [0.42571473]
 [0.4442293 ]
 [0.43719026]
 [0.43966594]
 [0.4395115 ]
 [0.43531108]
 [0.4475654 ]
 [0.4376416 ]
 [0.447995  ]
 [0.44970235]
 [0.44386852]
 [0.4558896 ]
 [0.4518635 ]
 [0.44826928]
 [0.4265456 ]
 [0.45084268]
 [0.44483155]
 [0.46346828]
 [0.4596208 ]
 [0.45754293]
 [0.4471964 ]
 [0.44615045]
 [0.42818412]
 [0.41323844]
 [0.40659818]
 [0.41139087]
 [0.41444793]
 [0.4145344 ]
 [0.40930802]
 [0.40810123]
 [0.42581147]
 [0.42880365]
 [0.4307445 ]
 [0.42210904]
 [0.37414932]
 [0.36637315]
 [0.38420987]
 [0.38371065]
 [0.3852938 ]
 [0.38024616]
 [0.38102138]
 [0.37060466]
 [0.37231943]
 [0.3746555 ]
 [0.38122272]
 [0.37874764]
 [0.3813304 ]
 [0.3686603 ]
 [0.37316102]
 [0.3736582 ]
 [0.42001858]
 [0.4162369 ]
 [0.41498232]
 [0.42604926]
 [0.42625692]
 [0.42352188]
 [0.4279623 ]
 [0.41757423]
 [0.3939949 ]
 [0.40596184]
 [0.4013704 ]
 [0.40539056]
 [0.3976321 ]
 [0.40042633]
 [0.3981345 ]
 [0.40081024]
 [0.39026466]
 [0.39146894]
 [0.40391797]
 [0.41771677]
 [0.42055243]
 [0.42043865]
 [0.43252537]
 [0.43211722]
 [0.4350862 ]
 [0.437562  ]
 [0.43268085]
 [0.43954688]
 [0.45509896]
 [0.4570843 ]
 [0.45588216]
 [0.45554864]
 [0.45431998]
 [0.44947332]
 [0.44486502]
 [0.44997096]
 [0.44039592]
 [0.43417543]
 [0.44669178]
 [0.4375984 ]
 [0.41865072]
 [0.41589814]
 [0.401539  ]
 [0.40548554]
 [0.4119075 ]
 [0.41472062]
 [0.42288977]
 [0.42786506]
 [0.43928993]
 [0.44181532]
 [0.4428893 ]
 [0.45390266]
 [0.4789265 ]
 [0.4795093 ]
 [0.4802649 ]
 [0.4833998 ]
 [0.47954652]
 [0.4824207 ]
 [0.48344773]
 [0.4782631 ]
 [0.4709291 ]
 [0.46455234]
 [0.45969564]
 [0.45518222]
 [0.4531627 ]
 [0.44875512]
 [0.44665393]
 [0.45497108]
 [0.46479884]
 [0.46914354]
 [0.4669568 ]
 [0.46407473]
 [0.42261478]
 [0.42246225]
 [0.42199168]
 [0.42995858]
 [0.42939496]
 [0.43399182]
 [0.44507813]
 [0.43976283]
 [0.37031227]
 [0.3781078 ]
 [0.39264813]
 [0.39185122]
 [0.40731356]]