[[0.44818503],
 [0.45967653],
 [0.4679232 ],
 [0.47968295],
 [0.48231375],
 [0.49210897],
 [0.49678525],
 [0.486415  ],
 [0.49783823],
 [0.50488484],
 [0.5104465 ],
 [0.49836937],
 [0.4875242 ],
 [0.47340986],
 [0.47319046],
 [0.46928024],
 [0.45979545],
 [0.47110942],
 [0.4726881 ],
 [0.4792826 ],
 [0.49319836],
 [0.51330423],
 [0.51648104],
 [0.53620034],
 [0.5502911 ],
 [0.56116414],
 [0.56792516],
 [0.5706451 ],
 [0.57395107],
 [0.5783283 ],
 [0.5894075 ],
 [0.5852872 ],
 [0.59583026],
 [0.5996517 ],
 [0.5962715 ],
 [0.6018359 ],
 [0.605852  ],
 [0.60264045],
 [0.6070579 ],
 [0.6135783 ],
 [0.62351805],
 [0.6261329 ],
 [0.6262447 ],
 [0.63705444],
 [0.63329023],
 [0.63273305],
 [0.6374259 ],
 [0.6428567 ],
 [0.642109  ],
 [0.64667004],
 [0.6476768 ],
 [0.6498756 ],
 [0.64904934],
 [0.6478277 ],
 [0.63876617],
 [0.6226406 ],
 [0.6274316 ],
 [0.63551134],
 [0.6442846 ],
 [0.64273214],
 [0.63928986],
 [0.62600195],
 [0.6204148 ],
 [0.6384418 ],
 [0.64712167],
 [0.65018135],
 [0.6516464 ],
 [0.65068346],
 [0.6508279 ],
 [0.6530918 ],
 [0.64892066],
 [0.64433706],
 [0.65114295],
 [0.65430045],
 [0.65481246],
 [0.65363306],
 [0.6542989 ],
 [0.65553755],
 [0.65530413],
 [0.6553172 ],
 [0.6546897 ],
 [0.6540611 ],
 [0.6527975 ],
 [0.644154  ],
 [0.63944656],
 [0.62061197],
 [0.57563615],
 [0.5722759 ],
 [0.598059  ],
 [0.57201463],
 [0.51723593],
 [0.49516985],
 [0.49592528],
 [0.50178576],
 [0.49182323],
 [0.4746205 ],
 [0.47047433],
 [0.46277437],
 [0.4565107 ],
 [0.45345262],
 [0.47220486],
 [0.48351607],
 [0.5033321 ],
 [0.4911258 ],
 [0.47593257],
 [0.5092473 ],
 [0.5457863 ],
 [0.58576053],
 [0.5724271 ],
 [0.5963345 ],
 [0.61308634],
 [0.5289458 ],
 [0.49281946],
 [0.5066371 ],
 [0.5028222 ],
 [0.5051838 ],
 [0.49797872],
 [0.50289375],
 [0.5023072 ],
 [0.49650803],
 [0.52081716],
 [0.5550406 ],
 [0.5679755 ],
 [0.58875567],
 [0.5919992 ],
 [0.59115595],
 [0.5951967 ],
 [0.57544124],
 [0.5536469 ],
 [0.53282607],
 [0.4999216 ],
 [0.45894638],
 [0.43269756],
 [0.41808358],
 [0.41506192],
 [0.41934717],
 [0.41532263],
 [0.40904772],
 [0.40239945],
 [0.41027513],
 [0.40652406],
 [0.428338  ],
 [0.43620938],
 [0.44926485],
 [0.45396915],
 [0.42520523],
 [0.4268863 ],
 [0.43235338],
 [0.41959688],
 [0.41900724],
 [0.4291803 ],
 [0.4199632 ],
 [0.42016178],
 [0.41159284],
 [0.4077558 ],
 [0.40427324],
 [0.40472338],
 [0.4338561 ],
 [0.43463215],
 [0.4472178 ],
 [0.45766637],
 [0.4643439 ],
 [0.46212515],
 [0.4784731 ],
 [0.48474142],
 [0.49336794],
 [0.503248  ],
 [0.48195556],
 [0.4880508 ],
 [0.4964473 ],
 [0.49209931],
 [0.48377833],
 [0.48115566],
 [0.48806366],
 [0.47678822],
 [0.46503162],
 [0.47548068],
 [0.4894402 ],
 [0.49505338],
 [0.5101192 ],
 [0.5116512 ],
 [0.51624846],
 [0.52985877],
 [0.5214179 ],
 [0.51495737],
 [0.5280704 ],
 [0.5233326 ],
 [0.5301605 ],
 [0.52060795],
 [0.5152412 ],
 [0.50468117],
 [0.5061979 ],
 [0.50877535],
 [0.47969803],
 [0.46322098],
 [0.46931428],
 [0.48035982],
 [0.51437634],
 [0.507526  ],
 [0.49185017],
 [0.48732936],
 [0.49210253],
 [0.49315283],
 [0.48680776],
 [0.49825147],
 [0.5120304 ],
 [0.5081276 ],
 [0.5096812 ],
 [0.5144724 ],
 [0.5211697 ],
 [0.5363018 ],
 [0.5424249 ],
 [0.5483518 ],
 [0.54905057],
 [0.54909354],
 [0.5329963 ],
 [0.5295653 ],
 [0.52236766],
 [0.48304817],
 [0.45477808],
 [0.4566507 ],
 [0.44315988],
 [0.43505755],
 [0.42389932],
 [0.4093324 ],
 [0.40826842],
 [0.40273577],
 [0.3979656 ],
 [0.3919    ],
 [0.3904734 ],
 [0.39455292],
 [0.38981217],
 [0.38354382],
 [0.38438198],
 [0.38288093],
 [0.37218812],
 [0.36716467],
 [0.358611  ],
 [0.3605082 ],
 [0.35821113],
 [0.35198662],
 [0.35440806],
 [0.35181782],
 [0.3475486 ],
 [0.35544005],
 [0.3672223 ],
 [0.37582114],
 [0.375478  ],
 [0.38171983],
 [0.37765604],
 [0.3797058 ],
 [0.36614996],
 [0.35075495],
 [0.3464354 ],
 [0.3452009 ],
 [0.35320675],
 [0.36629352],
 [0.3611086 ],
 [0.37114632],
 [0.3625101 ],
 [0.35957864],
 [0.36687654],
 [0.35965717],
 [0.37547448],
 [0.37476596],
 [0.38533077],
 [0.39082432],
 [0.39269024],
 [0.40291762],
 [0.40723702],
 [0.404455  ],
 [0.40153667],
 [0.4018336 ],
 [0.40795302],
 [0.40728006],
 [0.41065383],
 [0.4208338 ],
 [0.41561422],
 [0.4205933 ],
 [0.42506966],
 [0.41877416],
 [0.41237894],
 [0.42221057],
 [0.42272815],
 [0.42645052],
 [0.4302131 ],
 [0.43333337],
 [0.42552355],
 [0.42887256],
 [0.41775745],
 [0.40794393],
 [0.40275788],
 [0.40661705],
 [0.4084315 ],
 [0.40949252],
 [0.40790665],
 [0.4079859 ],
 [0.4141356 ],
 [0.41858253],
 [0.41899976],
 [0.41136643],
 [0.39502805],
 [0.38662258],
 [0.39158264],
 [0.38713443],
 [0.38693655],
 [0.3834003 ],
 [0.38409716],
 [0.37698695],
 [0.3759914 ],
 [0.37418976],
 [0.37838146],
 [0.37650332],
 [0.37843755],
 [0.3728648 ],
 [0.37339774],
 [0.3722582 ],
 [0.38733453],
 [0.40114596],
 [0.39897007],
 [0.40867308],
 [0.41101065],
 [0.41088504],
 [0.4137806 ],
 [0.39845532],
 [0.38626298],
 [0.3899314 ],
 [0.39315292],
 [0.3958336 ],
 [0.39399087],
 [0.39195094],
 [0.39234573],
 [0.3968064 ],
 [0.37937957],
 [0.37611598],
 [0.385564  ],
 [0.39842042],
 [0.4005278 ],
 [0.40004686],
 [0.39998716],
 [0.4070581 ],
 [0.40674192],
 [0.40755633],
 [0.40485775],
 [0.40666595],
 [0.4134837 ],
 [0.42279804],
 [0.42284936],
 [0.42042014],
 [0.4191245 ],
 [0.41311023],
 [0.4109292 ],
 [0.41349503],
 [0.40736866],
 [0.4055956 ],
 [0.41114643],
 [0.40902194],
 [0.40164465],
 [0.40818432],
 [0.40166113],
 [0.40336654],
 [0.40368974],
 [0.40200844],
 [0.40382835],
 [0.4046722 ],
 [0.41443133],
 [0.42063093],
 [0.41628125],
 [0.42141947],
 [0.4332526 ],
 [0.4523488 ],
 [0.4550483 ],
 [0.45975313],
 [0.45694774],
 [0.45888007],
 [0.45865956],
 [0.45461085],
 [0.4482895 ],
 [0.44341028],
 [0.4405294 ],
 [0.4340334 ],
 [0.4316601 ],
 [0.43293726],
 [0.42877254],
 [0.43432373],
 [0.4431721 ],
 [0.44879583],
 [0.44748828],
 [0.443445  ],
 [0.42912397],
 [0.42325982],
 [0.4220462 ],
 [0.42049327],
 [0.42017838],
 [0.42420015],
 [0.42939234],
 [0.42738894],
 [0.41784683],
 [0.4149887 ],
 [0.41798726],
 [0.4190298 ],
 [0.42419106]]