[0.47750531 0.48480001 0.48714838 0.49438404 0.50234166 0.50847157
 0.49677267 0.52027515 0.52203039 0.52966057 0.50460146 0.51075285
 0.50149893 0.49671631 0.51261276 0.50801264 0.50909691 0.52739809
 0.5340594  0.55767997 0.57148838 0.59535855 0.59366236 0.60784114
 0.62917506 0.62944077 0.62068068 0.62325449 0.62907845 0.66033994
 0.65041506 0.66992665 0.67016283 0.68244413 0.70646459 0.71606204
 0.7070282  0.72911092 0.74968263 0.7542747  0.73879694 0.77450288
 0.7966688  0.77674927 0.80284703 0.83522768 0.83551754 0.82525181
 0.85341882 0.83577787 0.84449234 0.83793301 0.84809138 0.79685667
 0.78517924 0.76283887 0.78653995 0.82200167 0.83727009 0.8294923
 0.82475262 0.80239346 0.79103272 0.83292226 0.83928298 0.8623802
 0.89199917 0.9317631  0.95844594 0.95375189 0.86050956 0.86233994
 0.92550436 0.94850228 0.9435962  0.9537492  0.96693496 1.
 0.99026031 0.98801929 0.98734296 0.99499999 0.96441751 0.92245551
 0.94231869 0.88641945 0.80764844 0.84764854 0.87288747 0.82629315
 0.7269048  0.6880829  0.76361987 0.70458053 0.66565933 0.60605638
 0.6362819  0.61735002 0.54623872 0.60919917 0.66527285 0.69352038
 0.66677313 0.62775262 0.63596521 0.67733408 0.67977907 0.68122834
 0.67885314 0.7039874  0.68398466 0.58802359 0.58597312 0.61798878
 0.58713255 0.58747876 0.59084431 0.62276066 0.60095169 0.5915448
 0.61170051 0.65931739 0.65456697 0.64100279 0.65692608 0.65641078
 0.65757289 0.5898164  0.60611542 0.57265049 0.52651242 0.44223683
 0.37981047 0.37518351 0.4234794  0.46015421 0.46666255 0.46546555
 0.466472   0.43551647 0.45793467 0.47545753 0.46425245 0.4614693
 0.44373978 0.40914495 0.45128677 0.43189595 0.43572581 0.45101839
 0.45927928 0.43888202 0.44477843 0.43054061 0.43343917 0.41628936
 0.42275744 0.4478595  0.45957182 0.488442   0.48773078 0.47728255
 0.4989439  0.5116251  0.51165462 0.52333474 0.49530192 0.5090647
 0.52160097 0.52643727 0.52740882 0.50916938 0.51142113 0.51162778
 0.49602924 0.49321925 0.53697943 0.55776049 0.58121734 0.59382875
 0.59191785 0.59202789 0.58174069 0.56856835 0.57336976 0.57182923
 0.56033967 0.57627906 0.57612071 0.57047389 0.5706215  0.57806113
 0.57210835 0.51777648 0.52030467 0.52709213 0.56205196 0.56938961
 0.55014372 0.55283294 0.53549795 0.53896548 0.53551405 0.53148291
 0.55919635 0.55465259 0.55225054 0.57115827 0.57438426 0.6007021
 0.60358992 0.60081213 0.59088725 0.59324904 0.56357371 0.5727659
 0.57365157 0.56448085 0.49418007 0.49678609 0.51316563 0.44729589
 0.46532599 0.4199394  0.42618203 0.41012456 0.42775477 0.40015405
 0.40337467 0.42817345 0.41508968 0.39012182 0.39873966 0.40288085
 0.35232247 0.34959568 0.32904007 0.35382006 0.341732   0.35791025
 0.35450444 0.36419851 0.35857047 0.35398646 0.37822968 0.38528284
 0.38270097 0.38213468 0.40019163 0.39227158 0.39769028 0.34648241
 0.35434073 0.33540348 0.34968693 0.3820649  0.38396775 0.39348737
 0.39642618 0.39718571 0.38758827 0.37181796 0.37319478 0.38591891
 0.38835853 0.3924514  0.40162212 0.41444019 0.43523466 0.42888736
 0.43165172 0.41709452 0.42138063 0.41384169 0.40463072 0.42633501
 0.42682079 0.42784334 0.43927386 0.4374059  0.424459   0.41813585
 0.4300441  0.42691741 0.43843918 0.44231734 0.44134579 0.42960126
 0.43224485 0.41687444 0.41139133 0.41522924 0.41177513 0.41637256
 0.41281914 0.41138597 0.41035805 0.42559964 0.42450463 0.42570163
 0.40327269 0.38590012 0.38683679 0.39051366 0.39248092 0.38840147
 0.39386848 0.39137786 0.38654962 0.38506276 0.38928177 0.39169724
 0.38534725 0.38418514 0.3855217  0.38506276 0.38619266 0.41379606
 0.41137792 0.41313584 0.41910204 0.41627326 0.41580627 0.41230116
 0.38609336 0.38868059 0.39952066 0.39369939 0.39790767 0.39852764
 0.39682339 0.40424156 0.39977563 0.38899729 0.40063983 0.40489642
 0.40891951 0.40959852 0.40967367 0.42322712 0.42394639 0.42647457
 0.42463614 0.41989377 0.42285943 0.44160612 0.44420677 0.44256694
 0.44243812 0.43861095 0.43490992 0.43205967 0.43606129 0.42871827
 0.43025612 0.44064262 0.42686105 0.42763937 0.42302046 0.41574186
 0.41902689 0.42022389 0.42231192 0.42333715 0.43113911 0.43725829
 0.43359751 0.43091903 0.44725563 0.47387674 0.46980534 0.46840974
 0.46611236 0.46625461 0.45868078 0.46003076 0.45681819 0.45121162
 0.45070706 0.45089225 0.45202215 0.45626263 0.44922826 0.45259112
 0.45408603 0.46024546 0.45975969 0.45942152 0.45364588 0.43876661
 0.43815738 0.43236026 0.43890617 0.43737101 0.43985089 0.44642095
 0.4422744  0.42740957 0.43290363 0.43025623 0.43387862 0.43626655]