[0.39623293 0.41389872 0.42265772 0.44086086 0.43751058 0.44996118 \
 0.45611227 0.45260333 0.4621843  0.46795791 0.47476811 0.46355853 \
 0.45361117 0.44347297 0.43942636 0.44280674 0.42977367 0.44422423 \
 0.44449476 0.45601387 0.46974137 0.48409145 0.48624269 0.50111226 \
 0.50936167 0.518787   0.52743043 0.52912343 0.53089486 0.53373503 \
 0.54459019 0.54231512 0.55026977 0.55157648 0.54916494 0.55484027 \
 0.55882487 0.55534649 0.55802854 0.56298985 0.5702875  0.57161465 \
 0.57274095 0.58220646 0.57815537 0.57874404 0.5829771  0.58698535 \
 0.58678844 0.59195966 0.59148075 0.59416728 0.59367702 0.59540975 \
 0.58874255 0.57922124 0.58255803 0.58898147 0.59583121 0.59531541 \
 0.59361779 0.58521229 0.58314439 0.59247407 0.59889037 0.59988476 \
 0.60056508 0.59794989 0.59919836 0.60277394 0.59517591 0.59456992 \
 0.60062434 0.60381946 0.60464596 0.60122879 0.60434831 0.60476573 \
 0.60548626 0.60537844 0.60541682 0.60552557 0.60457079 0.59748125 \
 0.59411799 0.58126495 0.54635111 0.54696545 0.57280791 0.55663032 \
 0.52151668 0.50638388 0.51022925 0.51837285 0.50615781 0.48882746 \
 0.48694227 0.46754688 0.45170063 0.45502426 0.4933897  0.51036504 \
 0.52495691 0.51106325 0.501086   0.5286212  0.55176571 0.56469608 \
 0.56100862 0.56511977 0.56959443 0.51972639 0.48906098 0.50655412 \
 0.50034234 0.4954985  0.49089695 0.4944587  0.49434749 0.48396466 \
 0.50742057 0.53218432 0.54226197 0.55117534 0.55118093 0.55717484 \
 0.55400242 0.53972645 0.52072127 0.51460444 0.47134119 0.41830976 \
 0.36880472 0.34712143 0.34151567 0.35216785 0.35542404 0.34731345 \
 0.33352793 0.34648346 0.35023387 0.39324927 0.39829757 0.39768203 \
 0.38927978 0.35166909 0.35658772 0.37661034 0.36323331 0.35753074 \
 0.37430914 0.35337327 0.35973056 0.34702614 0.3441283  0.32307078 \
 0.33231229 0.37459694 0.3785613  0.39069467 0.40436544 0.41411056 \
 0.41558987 0.42989336 0.44296205 0.44813845 0.46239799 0.4371786 \
 0.44477912 0.45871861 0.4567172  0.45671476 0.44718606 0.453259 \
 0.43907712 0.42582085 0.4479383  0.46276767 0.45972737 0.47594388 \
 0.48072545 0.48404142 0.49954944 0.4950516  0.49068353 0.50105858 \
 0.49374509 0.4944572  0.49113612 0.48887541 0.47312084 0.4815756 \
 0.48857992 0.4271764  0.40515456 0.42999041 0.45148303 0.48647267 \
 0.47913077 0.46174439 0.45674022 0.4620628  0.47662445 0.47028821 \
 0.48031837 0.48897832 0.48397774 0.48766022 0.49789818 0.50125295 \
 0.51131415 0.51883158 0.51973288 0.51870277 0.52048873 0.50798405 \
 0.50557024 0.49797385 0.43658797 0.39059026 0.41010572 0.39067483 \
 0.37554355 0.35663555 0.33092744 0.32803814 0.31449955 0.31726101 \
 0.3064675  0.30718566 0.31881078 0.30353788 0.30188977 0.30657833 \
 0.29089523 0.27040228 0.26644391 0.25790665 0.25752956 0.25885743 \
 0.25832494 0.26401196 0.26033799 0.25754429 0.27261476 0.29216617 \
 0.30053535 0.30200414 0.31033477 0.30894994 0.31102831 0.28429557 \
 0.26902013 0.25349223 0.25521828 0.27300643 0.29462624 0.28811084 \
 0.30340891 0.29088704 0.29377327 0.2988013  0.29162899 0.31122084 \
 0.30717281 0.31794512 0.32473093 0.33309504 0.34637959 0.35295563 \
 0.35241806 0.3503343  0.3473537  0.35326528 0.34809078 0.35376165 \
 0.36413323 0.35216152 0.36437806 0.3694613  0.36491268 0.34370417 \
 0.36911352 0.36569848 0.37735153 0.37875067 0.37862736 0.36589072 \
 0.36820332 0.34518892 0.33673153 0.32958898 0.33568518 0.33639749 \
 0.33992292 0.33289874 0.33553329 0.34785582 0.35649004 0.3587973 \
 0.34490144 0.30627983 0.29853394 0.31255676 0.30733206 0.31041515 \
 0.30393459 0.30544114 0.29615942 0.30046405 0.30086441 0.30719616 \
 0.30181641 0.30205723 0.29125718 0.29648525 0.29532675 0.32729954 \
 0.3418397  0.3379396  0.34789054 0.35068662 0.35002254 0.35422569 \
 0.33254048 0.31433238 0.31673226 0.32005433 0.32311031 0.31918064 \
 0.31960804 0.31844026 0.3235125  0.30751927 0.30835946 0.32118813 \
 0.33720743 0.34066972 0.34091584 0.34239519 0.35087384 0.35141669 \
 0.35389911 0.34986405 0.35296415 0.35995123 0.37231159 0.37270968 \
 0.37036729 0.36820693 0.36073527 0.35937537 0.36409935 0.35395913 \
 0.34637804 0.35648758 0.34333961 0.33228728 0.33502216 0.32280923 \
 0.32712576 0.33163269 0.3329416  0.34100729 0.34339633 0.35937457 \
 0.3663854  0.36434837 0.37066734 0.38599281 0.40566225 0.4067761 \
 0.41122925 0.40681729 0.41051882 0.41165657 0.40883269 0.39675797 \
 0.38849668 0.3843472  0.37933556 0.3797794  0.37644212 0.37250317 \
 0.38254284 0.39312389 0.40274628 0.4007106  0.39614773 0.3539219 \
 0.35229048 0.35256642 0.35953858 0.3631974  0.3648635  0.37449701 \
 0.37148558 0.33161755 0.33395834 0.34391692 0.34414027 0.35284822]